646 2925 2926 36.752529
647 2925 2927 39.588711
732 3002 3004 15.82523
733 2988 3002 64.811325
734 2988 2990 36.046406
735 2985 2988 17.568686
744 3134 3138 50.827393
767 2944 2947 11.60676
786 2971 2973 14.808859
787 2946 2971 178.269913
788 2946 2953 31.589548
789 2938 2946 65.154945
817 2979 2983 75.839493
818 2974 2979 48.627842
819 2971 2974 27.213398
820 2973 2976 23.258293
821 1062 2976 90.247673
822 1057 1062 20.090214
823 1057 1058 6.899399
856 2929 2934 38.607388
857 2926 2929 38.603516
858 2926 2930 42.95525
859 2930 2933 29.887045
860 2933 2938 51.212967
861 2945 2948 11.879281
862 2938 2945 58.947468
863 2945 2954 41.08567
864 2954 2964 97.427956
866 1050 3449 79.4011
867 1050 2964 105.536324
896 3038 3152 69.323372
897 3021 3038 90.819702
898 3038 3321 81.036133
899 3320 3321 26.202311
900 3320 3322 27.764212
901 3042 3322 23.777344
902 3036 3042 80.501884
903 3007 3036 111.748573
904 2999 3007 32.448441
932 3321 3323 75.454071
939 3033 3036 109.928574
940 3028 3033 14.894175
941 2985 3028 193.417511
942 2978 2985 69.436409
964 3024 3027 27.402451
965 2990 3027 156.884369
966 2984 2990 46.755238
990 3096 3114 124.161766
991 3114 3120 45.326172
992 3120 3122 8.193799
993 3120 3126 30.541069
996 3126 3130 30.140615
997 3126 3147 202.437225
998 3147 3149 25.044134
1006 1046 1049 4.636054
1016 1064 3324 18.903702
1017 3159 3324 311.908325
1018 3324 3325 99.938553
1027 3149 3152 53.568321
1028 2995 3021 113.002129
1029 2970 2995 183.068604
1030 2970 2978 65.23365
1031 2966 2970 25.127392
1037 3122 3127 29.091417
1038 3116 3122 75.769897
1051 2926 2928 35.59156
1053 2947 2948 74.339691
1054 2499 2947 75.711639
1055 2492 2499 21.190279
1089 3021 3032 46.560474
1090 3030 3032 75.069069
1091 3020 3030 43.703087
1092 2998 3020 98.402451
1093 2983 2998 81.543808
1106 3152 3158 50.804867
1107 3154 3158 59.249268
1108 3146 3154 112.838676
1109 3146 3159 153.052689
1110 3133 3146 122.659874
1138 2982 2983 24.182426
1139 2982 2996 103.89164
1140 2996 3000 21.992521
1141 3000 3013 39.420979
1142 3013 3022 43.290768
1143 3022 3032 87.767372
1160 1055 1057 16.19994
1161 1055 1059 29.520947
1162 1049 1055 19.007576
1180 2981 2984 38.778664
1181 2966 2969 17.713331
1182 2969 2975 42.212292
1183 2975 2982 54.209229
1184 2983 2987 33.22937
1185 2987 2992 31.122786
1186 2953 2966 120.439301
1202 1058 3449 32.486294
1203 1059 3450 19.743103
1206 3130 3133 34.513695
1210 2964 2972 46.847893
1214 2984 3006 114.000946
1218 3130 3134 35.7878
1250 2978 2997 128.846893
1251 2963 2968 40.918221
1252 2959 2963 69.076294
1253 2953 2959 28.086143
1254 2953 2974 171.01445
1256 2499 2948 108.141434